1845.489389 1864.130696 1845.489389
1845.489389 1882.960299 1864.130696
1864.130696 1901.980100 1882.960299
1882.960299 1921.192020 1899.980100
1901.980100 1940.598000 1921.192020
1921.192020 1960.200000 1940.598000
1940.598000 1980.000000 1958.200000
1960.200000 1960.200000 2000.000000
1980.000000 1940.598000 1958.200000
1960.200000 1921.192020 1938.598000
1940.598000 1901.980100 1919.192020
1921.192020 1901.980100 1899.980100
1015.019164 1025.271883 1015.019164
1015.019164 1035.628164 1025.271883
1025.271883 1046.089055 1035.628164
1035.628164 1056.655611 1046.089055
1046.089055 1067.328900 1056.655611
1056.655611 1078.110000 1067.328900
1067.328900 1089.000000 1076.110000
1078.110000 1078.110000 1100.000000
1089.000000 1067.328900 1076.110000
1078.110000 1056.655611 1067.328900
1067.328900 1046.089055 1056.655611
1056.655611 1046.089055 1046.089055
1370.275871 1384.117042 1370.275871
1370.275871 1398.098022 1384.117042
1384.117042 1412.220224 1398.098022
1398.098022 1426.485075 1412.220224
1412.220224 1440.894015 1426.485075
1426.485075 1455.448500 1440.894015
1440.894015 1470.150000 1453.448500
1455.448500 1485.000000 1468.150000
1470.150000 1470.150000 1500.000000
1485.000000 1455.448500 1468.150000
1470.150000 1440.894015 1455.448500
1455.448500 1440.894015 1440.894015
1864.130696 1882.960299 1864.130696
1864.130696 1901.980100 1882.960299
1882.960299 1921.192020 1901.980100
1901.980100 1940.598000 1921.192020
1921.192020 1960.200000 1938.598000
1940.598000 1980.000000 1960.200000
1960.200000 1960.200000 2000.000000
1980.000000 1940.598000 1958.200000
1960.200000 1921.192020 1938.598000
1940.598000 1901.980100 1919.192020
1921.192020 1882.960299 1899.980100
1901.980100 1882.960299 1880.960299
1845.489389 1864.130696 1845.489389
1845.489389 1882.960299 1864.130696
1864.130696 1901.980100 1882.960299
1882.960299 1921.192020 1901.980100
1901.980100 1940.598000 1921.192020
1921.192020 1960.200000 1940.598000
1940.598000 1980.000000 1960.200000
1960.200000 1960.200000 2000.000000
1980.000000 1940.598000 1960.200000
1960.200000 1921.192020 1938.598000
1940.598000 1901.980100 1921.192020
1921.192020 1901.980100 1901.980100
1845.489389 1864.130696 1845.489389
1845.489389 1882.960299 1864.130696
1864.130696 1901.980100 1882.960299
1882.960299 1921.192020 1901.980100
1901.980100 1940.598000 1921.192020
1921.192020 1960.200000 1940.598000
1940.598000 1980.000000 1960.200000
1960.200000 1960.200000 2000.000000
1980.000000 1940.598000 1960.200000
1960.200000 1921.192020 1940.598000
1940.598000 1901.980100 1921.192020
1921.192020 1901.980100 1899.980100
